HCPRELAX---

example
3.0 2.0
0.5
2
1.5 3.5
1.5 3.5
6
8
7
9
7 4.5
5 5.6
7 4.5
5 5.6
7 4.5
5 5.6
1

DKHCP----

example
2
1.5 2.1
2.5 3.1
1.1
2.1
3.5 4.1
4.5 5.1
1.1
2.1
5.5 6.1
6.5 7.1
7.5 8.1
8.5 9.1
9.5 0.1
0.5 3.1
2
100
101
1


GAas
1
3.9556 -08
1.6456
1.611629 12
5.3176
300
8.693000 6
1.8065 9
5.500000 6
1
144.645


300.0   1529231334416.5522      375440028210.05176      330631335320.71606


1611629000000.0 396757602384.8593 


GAas
1529231334416.5522
375440028210.05176
330631335320.71606
1611629000000.0
396757602384.8593
